#Parameters = {AL=32.6; AT=0; AW=1.5; C1=6e-13; Fdy=15.5; Gx=30; Gy=28; L1=4.6e-09; ST=1.5; ShT=0.035; Sx=30; Sy=30; b=1.5; d=1.5; d1=1; d2=5; h=3}
#"Frequency / GHz"	"S1,1 [Magnitude / dB]"
#-----------------------------------------
2.0000000000000	-0.78061632307752
2.0010000000000	-0.78244439954520
2.0020000000000	-0.78430516486075
2.0030000000000	-0.78619824189853
2.0040000000000	-0.78812325927858
2.0050000000000	-0.79007985151503
2.0060000000000	-0.79206765916234
2.0070000000000	-0.79408632895930
2.0080000000000	-0.79613551397085
2.0090000000000	-0.79821487372751
2.0100000000000	-0.80032407436280
2.0110000000000	-0.80246278874817
2.0120000000000	-0.80463069662562
2.0130000000000	-0.80682748473821
2.0140000000000	-0.80905284695804
2.0150000000000	-0.81130648441206
2.0160000000000	-0.81358810560529
2.0170000000000	-0.81589742654202
2.0180000000000	-0.81823417084449
2.0190000000000	-0.82059806986906
2.0200000000000	-0.82298886282028
2.0210000000000	-0.82540629686244
2.0220000000000	-0.82785012722875
2.0230000000000	-0.83032011732821
2.0240000000000	-0.83281603885008
2.0250000000000	-0.83533767186593
2.0260000000000	-0.83788480492937
2.0270000000000	-0.84045723517360
2.0280000000000	-0.84305476840609
2.0290000000000	-0.84567721920161
2.0300000000000	-0.84832441099226
2.0310000000000	-0.85099617615571
2.0320000000000	-0.85369235610069
2.0330000000000	-0.85641280135043
2.0340000000000	-0.85915737162375
2.0350000000000	-0.86192593591372
2.0360000000000	-0.86471837256432
2.0370000000000	-0.86753456934449
2.0380000000000	-0.87037442352029
2.0390000000000	-0.87323784192454
2.0400000000000	-0.87612474102443
2.0410000000000	-0.87903504698683
2.0420000000000	-0.88196869574150
2.0430000000000	-0.88492563304208
2.0440000000000	-0.88790581452495
2.0450000000000	-0.89090920576601
2.0460000000000	-0.89393578233532
2.0470000000000	-0.89698552984967
2.0480000000000	-0.90005844402313
2.0490000000000	-0.90315453071550
2.0500000000000	-0.90627380597883
2.0510000000000	-0.90941629610189
2.0520000000000	-0.91258203765273
2.0530000000000	-0.91577107751924
2.0540000000000	-0.91898347294789
2.0550000000000	-0.92221929158051
2.0560000000000	-0.92547861148926
2.0570000000000	-0.92876152120972
2.0580000000000	-0.93206811977225
2.0590000000000	-0.93539851673151
2.0600000000000	-0.93875283219426
2.0610000000000	-0.94213119684543
2.0620000000000	-0.94553375197258
2.0630000000000	-0.94896064948856
2.0640000000000	-0.95241205195265
2.0650000000000	-0.95588813259015
2.0660000000000	-0.95938907531014
2.0670000000000	-0.96291507472216
2.0680000000000	-0.96646633615087
2.0690000000000	-0.97004307564970
2.0700000000000	-0.97364552001269
2.0710000000000	-0.97727390678524
2.0720000000000	-0.98092848427327
2.0730000000000	-0.98460951155109
2.0740000000000	-0.98831725846811
2.0750000000000	-0.99205200565404
2.0760000000000	-0.99581404452308
2.0770000000000	-0.99960367727675
2.0780000000000	-1.0034212169057
2.0790000000000	-1.0072669871903
2.0800000000000	-1.0111413227001
2.0810000000000	-1.0150445687924
2.0820000000000	-1.0189770816097
2.0830000000000	-1.0229392280761
2.0840000000000	-1.0269313858929
2.0850000000000	-1.0309539435333
2.0860000000000	-1.0350073002361
2.0870000000000	-1.0390918659986
2.0880000000000	-1.0432080615690
2.0890000000000	-1.0473563184376
2.0900000000000	-1.0515370788278
2.0910000000000	-1.0557507956859
2.0920000000000	-1.0599979326705
2.0930000000000	-1.0642789641421
2.0940000000000	-1.0685943751503
2.0950000000000	-1.0729446614226
2.0960000000000	-1.0773303293514
2.0970000000000	-1.0817518959810
2.0980000000000	-1.0862098889944
2.0990000000000	-1.0907048466995
2.1000000000000	-1.0952373180152
2.1010000000000	-1.0998078624570
2.1020000000000	-1.1044170501232
2.1030000000000	-1.1090654616798
2.1040000000000	-1.1137536883462
2.1050000000000	-1.1184823318807
2.1060000000000	-1.1232520045658
2.1070000000000	-1.1280633291934
2.1080000000000	-1.1329169390510
2.1090000000000	-1.1378134779064
2.1100000000000	-1.1427535999949
2.1110000000000	-1.1477379700046
2.1120000000000	-1.1527672630628
2.1130000000000	-1.1578421647237
2.1140000000000	-1.1629633709549
2.1150000000000	-1.1681315881252
2.1160000000000	-1.1733475329935
2.1170000000000	-1.1786119326969
2.1180000000000	-1.1839255247405
2.1190000000000	-1.1892890569873
2.1200000000000	-1.1947032876496
2.1210000000000	-1.2001689852801
2.1220000000000	-1.2056869287648
2.1230000000000	-1.2112579073163
2.1240000000000	-1.2168827204681
2.1250000000000	-1.2225621780703
2.1260000000000	-1.2282971002859
2.1270000000000	-1.2340883175886
2.1280000000000	-1.2399366707617
2.1290000000000	-1.2458430108979
2.1300000000000	-1.2518081994012
2.1310000000000	-1.2578331079897
2.1320000000000	-1.2639186186995
2.1330000000000	-1.2700656238909
2.1340000000000	-1.2762750262558
2.1350000000000	-1.2825477388265
2.1360000000000	-1.2888846849865
2.1370000000000	-1.2952867984833
2.1380000000000	-1.3017550234423
2.1390000000000	-1.3082903143833
2.1400000000000	-1.3148936362388
2.1410000000000	-1.3215659643739
2.1420000000000	-1.3283082846089
2.1430000000000	-1.3351215932439
2.1440000000000	-1.3420068970853
2.1450000000000	-1.3489652134747
2.1460000000000	-1.3559975703209
2.1470000000000	-1.3631050061332
2.1480000000000	-1.3702885700577
2.1490000000000	-1.3775493219168
2.1500000000000	-1.3848883322501
2.1510000000000	-1.3923066823593
2.1520000000000	-1.3998054643545
2.1530000000000	-1.4073857812050
2.1540000000000	-1.4150487467912
2.1550000000000	-1.4227954859612
2.1560000000000	-1.4306271345893
2.1570000000000	-1.4385448396379
2.1580000000000	-1.4465497592230
2.1590000000000	-1.4546430626823
2.1600000000000	-1.4628259306474
2.1610000000000	-1.4710995551187
2.1620000000000	-1.4794651395442
2.1630000000000	-1.4879238989017
2.1640000000000	-1.4964770597846
2.1650000000000	-1.5051258604913
2.1660000000000	-1.5138715511189
2.1670000000000	-1.5227153936594
2.1680000000000	-1.5316586621017
2.1690000000000	-1.5407026425356
2.1700000000000	-1.5498486332611
2.1710000000000	-1.5590979449014
2.1720000000000	-1.5684519005198
2.1730000000000	-1.5779118357413
2.1740000000000	-1.5874790988776
2.1750000000000	-1.5971550510580
2.1760000000000	-1.6069410663625
2.1770000000000	-1.6168385319616
2.1780000000000	-1.6268488482588
2.1790000000000	-1.6369734290390
2.1800000000000	-1.6472137016204
2.1810000000000	-1.6575711070120
2.1820000000000	-1.6680471000754
2.1830000000000	-1.6786431496914
2.1840000000000	-1.6893607389316
2.1850000000000	-1.7002013652345
2.1860000000000	-1.7111665405874
2.1870000000000	-1.7222577917121
2.1880000000000	-1.7334766602567
2.1890000000000	-1.7448247029921
2.1900000000000	-1.7563034920131
2.1910000000000	-1.7679146149458
2.1920000000000	-1.7796596751594
2.1930000000000	-1.7915402919832
2.1940000000000	-1.8035581009293
2.1950000000000	-1.8157147539207
2.1960000000000	-1.8280119195243
2.1970000000000	-1.8404512831895
2.1980000000000	-1.8530345474927
2.1990000000000	-1.8657634323863
2.2000000000000	-1.8786396754542
2.2010000000000	-1.8916650321721
2.2020000000000	-1.9048412761738
2.2030000000000	-1.9181701995226
2.2040000000000	-1.9316536129889
2.2050000000000	-1.9452933463331
2.2060000000000	-1.9590912485937
2.2070000000000	-1.9730491883819
2.2080000000000	-1.9871690541814
2.2090000000000	-2.0014527546535
2.2100000000000	-2.0159022189489
2.2110000000000	-2.0305193970243
2.2120000000000	-2.0453062599650
2.2130000000000	-2.0602648003135
2.2140000000000	-2.0753970324033
2.2150000000000	-2.0907049926994
2.2160000000000	-2.1061907401432
2.2170000000000	-2.1218563565042
2.2180000000000	-2.1377039467376
2.2190000000000	-2.1537356393468
2.2200000000000	-2.1699535867525
2.2210000000000	-2.1863599656669
2.2220000000000	-2.2029569774751
2.2230000000000	-2.2197468486205
2.2240000000000	-2.2367318309974
2.2250000000000	-2.2539142023494
2.2260000000000	-2.2712962666727
2.2270000000000	-2.2888803546270
2.2280000000000	-2.3066688239508
2.2290000000000	-2.3246640598837
2.2300000000000	-2.3428684755943
2.2310000000000	-2.3612845126146
2.2320000000000	-2.3799146412805
2.2330000000000	-2.3987613611781
2.2340000000000	-2.4178272015966
2.2350000000000	-2.4371147219884
2.2360000000000	-2.4566265124340
2.2370000000000	-2.4763651941152
2.2380000000000	-2.4963334197940
2.2390000000000	-2.5165338742991
2.2400000000000	-2.5369692750183
2.2410000000000	-2.5576423723998
2.2420000000000	-2.5785559504592
2.2430000000000	-2.5997128272948
2.2440000000000	-2.6211158556115
2.2450000000000	-2.6427679232511
2.2460000000000	-2.6646719537324
2.2470000000000	-2.6868309067991
2.2480000000000	-2.7092477789774
2.2490000000000	-2.7319256041422
2.2500000000000	-2.7548674540933
2.2510000000000	-2.7780764391425
2.2520000000000	-2.8015557087101
2.2530000000000	-2.8253084519333
2.2540000000000	-2.8493378982865
2.2550000000000	-2.8736473182132
2.2560000000000	-2.8982400237716
2.2570000000000	-2.9231193692934
2.2580000000000	-2.9482887520568
2.2590000000000	-2.9737516129753
2.2600000000000	-2.9995114373021
2.2610000000000	-3.0255717553516
2.2620000000000	-3.0519361432389
2.2630000000000	-3.0786082236382
2.2640000000000	-3.1055916665613
2.2650000000000	-3.1328901901579
2.2660000000000	-3.1605075615379
2.2670000000000	-3.1884475976180
2.2680000000000	-3.2167141659936
2.2690000000000	-3.2453111858378
2.2700000000000	-3.2742426288288
2.2710000000000	-3.3035125201077
2.2720000000000	-3.3331249392678
2.2730000000000	-3.3630840213789
2.2740000000000	-3.3933939580466
2.2750000000000	-3.4240589985100
2.2760000000000	-3.4550834507797
2.2770000000000	-3.4864716828180
2.2780000000000	-3.5182281237645
2.2790000000000	-3.5503572652092
2.2800000000000	-3.5828636625147
2.2810000000000	-3.6157519361926
2.2820000000000	-3.6490267733346
2.2830000000000	-3.6826929291024
2.2840000000000	-3.7167552282794
2.2850000000000	-3.7512185668872
2.2860000000000	-3.7860879138696
2.2870000000000	-3.8213683128487
2.2880000000000	-3.8570648839553
2.2890000000000	-3.8931828257382
2.2900000000000	-3.9297274171544
2.2910000000000	-3.9667040196465
2.2920000000000	-4.0041180793077
2.2930000000000	-4.0419751291419
2.2940000000000	-4.0802807914194
2.2950000000000	-4.1190407801344
2.2960000000000	-4.1582609035676
2.2970000000000	-4.1979470669574
2.2980000000000	-4.2381052752844
2.2990000000000	-4.2787416361727
2.3000000000000	-4.3198623629129
2.3010000000000	-4.3614737776094
2.3020000000000	-4.4035823144569
2.3030000000000	-4.4461945231507
2.3040000000000	-4.4893170724324
2.3050000000000	-4.5329567537773
2.3060000000000	-4.5771204852261
2.3070000000000	-4.6218153153640
2.3080000000000	-4.6670484274518
2.3090000000000	-4.7128271437122
2.3100000000000	-4.7591589297734
2.3110000000000	-4.8060513992757
2.3120000000000	-4.8535123186408
2.3130000000000	-4.9015496120105
2.3140000000000	-4.9501713663538
2.3150000000000	-4.9993858367484
2.3160000000000	-5.0492014518370
2.3170000000000	-5.0996268194616
2.3180000000000	-5.1506707324779
2.3190000000000	-5.2023421747530
2.3200000000000	-5.2546503273469
2.3210000000000	-5.3076045748816
2.3220000000000	-5.3612145120992
2.3230000000000	-5.4154899506116
2.3240000000000	-5.4704409258431
2.3250000000000	-5.5260777041710
2.3260000000000	-5.5824107902628
2.3270000000000	-5.6394509346177
2.3280000000000	-5.6972091413111
2.3290000000000	-5.7556966759501
2.3300000000000	-5.8149250738403
2.3310000000000	-5.8749061483720
2.3320000000000	-5.9356519996292
2.3330000000000	-5.9971750232286
2.3340000000000	-6.0594879193962
2.3350000000000	-6.1226037022892
2.3360000000000	-6.1865357095727
2.3370000000000	-6.2512976122628
2.3380000000000	-6.3169034248478
2.3390000000000	-6.3833675157017
2.3400000000000	-6.4507046178056
2.3410000000000	-6.5189298397946
2.3420000000000	-6.5880586773504
2.3430000000000	-6.6581070249612
2.3440000000000	-6.7290911880739
2.3450000000000	-6.8010278956656
2.3460000000000	-6.8739343132638
2.3470000000000	-6.9478280564503
2.3480000000000	-7.0227272048833
2.3490000000000	-7.0986503168785
2.3500000000000	-7.1756164445927
2.3510000000000	-7.2536451498582
2.3520000000000	-7.3327565207177
2.3530000000000	-7.4129711887194
2.3540000000000	-7.4943103470293
2.3550000000000	-7.5767957694301
2.3560000000000	-7.6604498302763
2.3570000000000	-7.7452955254828
2.3580000000000	-7.8313564946307
2.3590000000000	-7.9186570442787
2.3600000000000	-8.0072221725774
2.3610000000000	-8.0970775952901
2.3620000000000	-8.1882497733304
2.3630000000000	-8.2807659419375
2.3640000000000	-8.3746541416178
2.3650000000000	-8.4699432509904
2.3660000000000	-8.5666630216857
2.3670000000000	-8.6648441154575
2.3680000000000	-8.7645181436792
2.3690000000000	-8.8657177094112
2.3700000000000	-8.9684764522370
2.3710000000000	-9.0728290960849
2.3720000000000	-9.1788115002662
2.3730000000000	-9.2864607139803
2.3740000000000	-9.3958150345593
2.3750000000000	-9.5069140697440
2.3760000000000	-9.6197988043100
2.3770000000000	-9.7345116713890
2.3780000000000	-9.8510966288607
2.3790000000000	-9.9695992412231
2.3800000000000	-10.090066767387
2.3810000000000	-10.212548254877
2.3820000000000	-10.337094640979
2.3830000000000	-10.463758861397
2.3840000000000	-10.592595967081
2.3850000000000	-10.723663249900
2.3860000000000	-10.857020377943
2.3870000000000	-10.992729541296
2.3880000000000	-11.130855609214
2.3890000000000	-11.271466299736
2.3900000000000	-11.414632362870
2.3910000000000	-11.560427778617
2.3920000000000	-11.708929971234
2.3930000000000	-11.860220041294
2.3940000000000	-12.014383017276
2.3950000000000	-12.171508128618
2.3960000000000	-12.331689102392
2.3970000000000	-12.495024486013
2.3980000000000	-12.661617998690
2.3990000000000	-12.831578914650
2.4000000000000	-13.005022481553
2.4010000000000	-13.182070377930
2.4020000000000	-13.362851213992
2.4030000000000	-13.547501080692
2.4040000000000	-13.736164152598
2.4050000000000	-13.928993350852
2.4060000000000	-14.126151073373
2.4070000000000	-14.327810000413
2.4080000000000	-14.534153984755
2.4090000000000	-14.745379037136
2.4100000000000	-14.961694418999
2.4110000000000	-15.183323856489
2.4120000000000	-15.410506891609
2.4130000000000	-15.643500388910
2.4140000000000	-15.882580218803
2.4150000000000	-16.128043141878
2.4160000000000	-16.380208922334
2.4170000000000	-16.639422703010
2.4180000000000	-16.906057679550
2.4190000000000	-17.180518117087
2.4200000000000	-17.463242759487
2.4210000000000	-17.754708688832
2.4220000000000	-18.055435701306
2.4230000000000	-18.365991275027
2.4240000000000	-18.686996215287
2.4250000000000	-19.019131072610
2.4260000000000	-19.363143437977
2.4270000000000	-19.719856225497
2.4280000000000	-20.090177052514
2.4290000000000	-20.475108814664
2.4300000000000	-20.875761519159
2.4310000000000	-21.293365366708
2.4320000000000	-21.729284932944
2.4330000000000	-22.185034046022
2.4340000000000	-22.662290506521
2.4350000000000	-23.162909008692
2.4360000000000	-23.688929256677
2.4370000000000	-24.242573905958
2.4380000000000	-24.826226868447
2.4390000000000	-25.442375427207
2.4400000000000	-26.093487316162
2.4410000000000	-26.781772717536
2.4420000000000	-27.508745062232
2.4430000000000	-28.274435186693
2.4440000000000	-29.076022979865
2.4450000000000	-29.905537062556
2.4460000000000	-30.746211205036
2.4470000000000	-31.567349409697
2.4480000000000	-32.318813512606
2.4490000000000	-32.929386191822
2.4500000000000	-33.317153141687
2.4510000000000	-33.417190865544
2.4520000000000	-33.214018031325
2.4530000000000	-32.750590761443
2.4540000000000	-32.104507730478
2.4550000000000	-31.354825626340
2.4560000000000	-30.562745371172
2.4570000000000	-29.768264310143
2.4580000000000	-28.994520675040
2.4590000000000	-28.253406613901
2.4600000000000	-27.549997569457
2.4610000000000	-26.885488890713
2.4620000000000	-26.258988388732
2.4630000000000	-25.668562492560
2.4640000000000	-25.111828950753
2.4650000000000	-24.586283491296
2.4660000000000	-24.089473282738
2.4670000000000	-23.619083280142
2.4680000000000	-23.172973673621
2.4690000000000	-22.749190415160
2.4700000000000	-22.345961412561
2.4710000000000	-21.961685564963
2.4720000000000	-21.594918688945
2.4730000000000	-21.244358578448
2.4740000000000	-20.908830399110
2.4750000000000	-20.587273018284
2.4760000000000	-20.278726530880
2.4770000000000	-19.982321050969
2.4780000000000	-19.697266736717
2.4790000000000	-19.422844965019
2.4800000000000	-19.158400550173
2.4810000000000	-18.903334895379
2.4820000000000	-18.657099969169
2.4830000000000	-18.419193006557
2.4840000000000	-18.189151844342
2.4850000000000	-17.966550810000
2.4860000000000	-17.750997093315
2.4870000000000	-17.542127538863
2.4880000000000	-17.339605805518
2.4890000000000	-17.143119846317
2.4900000000000	-16.952379668270
2.4910000000000	-16.767115337135
2.4920000000000	-16.587075196905
2.4930000000000	-16.412024277783
2.4940000000000	-16.241742869946
2.4950000000000	-16.076025243377
2.4960000000000	-15.914678496644
2.4970000000000	-15.757521519723
2.4980000000000	-15.604384057862
2.4990000000000	-15.455105865168
2.5000000000000	-15.309535937957
2.5010000000000	-15.167531819212
2.5020000000000	-15.028958966485
2.5030000000000	-14.893690176550
2.5040000000000	-14.761605060880
2.5050000000000	-14.632589566741
2.5060000000000	-14.506535539275
2.5070000000000	-14.383340320496
2.5080000000000	-14.262906381560
2.5090000000000	-14.145140985099
2.5100000000000	-14.029955874733
2.5110000000000	-13.917266989217
2.5120000000000	-13.806994198926
2.5130000000000	-13.699061062637
2.5140000000000	-13.593394602774
2.5150000000000	-13.489925097477
2.5160000000000	-13.388585888009
2.5170000000000	-13.289313200182
2.5180000000000	-13.192045978594
2.5190000000000	-13.096725732596
2.5200000000000	-13.003296393025
2.5210000000000	-12.911704178798
2.5220000000000	-12.821897472582
2.5230000000000	-12.733826704803
2.5240000000000	-12.647444245344
2.5250000000000	-12.562704302315
2.5260000000000	-12.479562827370
2.5270000000000	-12.397977427047
2.5280000000000	-12.317907279701
2.5290000000000	-12.239313057595
2.5300000000000	-12.162156853780
2.5310000000000	-12.086402113410
2.5320000000000	-12.012013569181
2.5330000000000	-11.938957180582
2.5340000000000	-11.867200076720
2.5350000000000	-11.796710502440
2.5360000000000	-11.727457767534
2.5370000000000	-11.659412198821
2.5380000000000	-11.592545094907
2.5390000000000	-11.526828683441
2.5400000000000	-11.462236080720
2.5410000000000	-11.398741253459
2.5420000000000	-11.336318982629
2.5430000000000	-11.274944829186
2.5440000000000	-11.214595101607
2.5450000000000	-11.155246825103
2.5460000000000	-11.096877712408
2.5470000000000	-11.039466136052
2.5480000000000	-10.982991102021
2.5490000000000	-10.927432224728
2.5500000000000	-10.872769703211
2.5510000000000	-10.818984298494
2.5520000000000	-10.766057312036
2.5530000000000	-10.713970565204
2.5540000000000	-10.662706379718
2.5550000000000	-10.612247559018
2.5560000000000	-10.562577370478
2.5570000000000	-10.513679528449
2.5580000000000	-10.465538178068
2.5590000000000	-10.418137879794
2.5600000000000	-10.371463594636
2.5610000000000	-10.325500670031
2.5620000000000	-10.280234826345
2.5630000000000	-10.235652143951
2.5640000000000	-10.191739050870
2.5650000000000	-10.148482310937
2.5660000000000	-10.105869012465
2.5670000000000	-10.063886557381
2.5680000000000	-10.022522650821
2.5690000000000	-9.9817652911456
2.5700000000000	-9.9416027603644
2.5710000000000	-9.9020236149509
2.5720000000000	-9.8630166770225
2.5730000000000	-9.8245710258733
2.5740000000000	-9.7866759898410
2.5750000000000	-9.7493211384912
2.5760000000000	-9.7124962751067
2.5770000000000	-9.6761914294653
2.5780000000000	-9.6403968508944
2.5790000000000	-9.6051030015892
2.5800000000000	-9.5703005501819
2.5810000000000	-9.5359803655527
2.5820000000000	-9.5021335108691
2.5830000000000	-9.4687512378458
2.5840000000000	-9.4358249812146
2.5850000000000	-9.4033463533942
2.5860000000000	-9.3713071393539
2.5870000000000	-9.3396992916598
2.5880000000000	-9.3085149256985
2.5890000000000	-9.2777463150688
2.5900000000000	-9.2473858871358
2.5910000000000	-9.2174262187400
2.5920000000000	-9.1878600320550
2.5930000000000	-9.1586801905883
2.5940000000000	-9.1298796953188
2.5950000000000	-9.1014516809659
2.5960000000000	-9.0733894123845
2.5970000000000	-9.0456862810822
2.5980000000000	-9.0183358018520
2.5990000000000	-8.9913316095175
2.6000000000000	-8.9646674557859
2.6010000000000	-8.9383372062037
2.6020000000000	-8.9123348372135
2.6030000000000	-8.8866544333052
2.6040000000000	-8.8612901842600
2.6050000000000	-8.8362363824837
2.6060000000000	-8.8114874204245
2.6070000000000	-8.7870377880740
2.6080000000000	-8.7628820705474
2.6090000000000	-8.7390149457400
2.6100000000000	-8.7154311820574
2.6110000000000	-8.6921256362172
2.6120000000000	-8.6690932511189
2.6130000000000	-8.6463290537803
2.6140000000000	-8.6238281533372
2.6150000000000	-8.6015857391051
2.6160000000000	-8.5795970787004
2.6170000000000	-8.5578575162189
2.6180000000000	-8.5363624704697
2.6190000000000	-8.5151074332624
2.6200000000000	-8.4940879677468
2.6210000000000	-8.4732997068020
2.6220000000000	-8.4527383514736
2.6230000000000	-8.4323996694584
2.6240000000000	-8.4122794936333
2.6250000000000	-8.3923737206289
2.6260000000000	-8.3726783094443
2.6270000000000	-8.3531892801033
2.6280000000000	-8.3339027123503
2.6290000000000	-8.3148147443835
2.6300000000000	-8.2959215716267
2.6310000000000	-8.2772194455348
2.6320000000000	-8.2587046724360
2.6330000000000	-8.2403736124061
2.6340000000000	-8.2222226781762
2.6350000000000	-8.2042483340709
2.6360000000000	-8.1864470949780
2.6370000000000	-8.1688155253472
2.6380000000000	-8.1513502382171
2.6390000000000	-8.1340478942705
2.6400000000000	-8.1169052009157
2.6410000000000	-8.0999189113950
2.6420000000000	-8.0830858239171
2.6430000000000	-8.0664027808147
2.6440000000000	-8.0498666677253
2.6450000000000	-8.0334744127956
2.6460000000000	-8.0172229859071
2.6470000000000	-8.0011093979242
2.6480000000000	-7.9851306999628
2.6490000000000	-7.9692839826788
2.6500000000000	-7.9535663755769
2.6510000000000	-7.9379750463381
2.6520000000000	-7.9225072001655
2.6530000000000	-7.9071600791485
2.6540000000000	-7.8919309616438
2.6550000000000	-7.8768171616736
2.6560000000000	-7.8618160283401
2.6570000000000	-7.8469249452558
2.6580000000000	-7.8321413299893
2.6590000000000	-7.8174626335258
2.6600000000000	-7.8028863397423
2.6610000000000	-7.7884099648966
2.6620000000000	-7.7740310571305
2.6630000000000	-7.7597471959855
2.6640000000000	-7.7455559919319
2.6650000000000	-7.7314550859098
2.6660000000000	-7.7174421488835
2.6670000000000	-7.7035148814056
2.6680000000000	-7.6896710131946
2.6690000000000	-7.6759083027222
2.6700000000000	-7.6622245368120
2.6710000000000	-7.6486175302485
2.6720000000000	-7.6350851253962
2.6730000000000	-7.6216251918287
2.6740000000000	-7.6082356259677
2.6750000000000	-7.5949143507305
2.6760000000000	-7.5816593151872
2.6770000000000	-7.5684684942269
2.6780000000000	-7.5553398882321
2.6790000000000	-7.5422715227615
2.6800000000000	-7.5292614482408
2.6810000000000	-7.5163077396620
2.6820000000000	-7.5034084962900
2.6830000000000	-7.4905618413762
2.6840000000000	-7.4777659218807
2.6850000000000	-7.4650189082003
2.6860000000000	-7.4523189939045
2.6870000000000	-7.4396643954774
2.6880000000000	-7.4270533520668
2.6890000000000	-7.4144841252397
2.6900000000000	-7.4019549987441
2.6910000000000	-7.3894642782764
2.6920000000000	-7.3770102912558
2.6930000000000	-7.3645913866039
2.6940000000000	-7.3522059345303
2.6950000000000	-7.3398523263236
2.6960000000000	-7.3275289741487
2.6970000000000	-7.3152343108484
2.6980000000000	-7.3029667897510
2.6990000000000	-7.2907248844832
2.7000000000000	-7.2785070887881
2.7010000000000	-7.2663119163474
2.7020000000000	-7.2541379006099
2.7030000000000	-7.2419835946240
2.7040000000000	-7.2298475708749
2.7050000000000	-7.2177284211273
2.7060000000000	-7.2056247562719
2.7070000000000	-7.1935352061771
2.7080000000000	-7.1814584195449
2.7090000000000	-7.1693930637717
2.7100000000000	-7.1573378248127
2.7110000000000	-7.1452914070519
2.7120000000000	-7.1332525331752
2.7130000000000	-7.1212199440488
2.7140000000000	-7.1091923986012
2.7150000000000	-7.0971686737101
2.7160000000000	-7.0851475640925
2.7170000000000	-7.0731278822002
2.7180000000000	-7.0611084581184
2.7190000000000	-7.0490881394694
2.7200000000000	-7.0370657913192
2.7210000000000	-7.0250402960896
2.7220000000000	-7.0130105534733
2.7230000000000	-7.0009754803536
2.7240000000000	-6.9889340107279
2.7250000000000	-6.9768850956357
2.7260000000000	-6.9648277030900
2.7270000000000	-6.9527608180135
2.7280000000000	-6.9406834421781
2.7290000000000	-6.9285945941488
2.7300000000000	-6.9164933092319
2.7310000000000	-6.9043786394272
2.7320000000000	-6.8922496533832
2.7330000000000	-6.8801054363584
2.7340000000000	-6.8679450901845
2.7350000000000	-6.8557677332352
2.7360000000000	-6.8435725003986
2.7370000000000	-6.8313585430535
2.7380000000000	-6.8191250290499
2.7390000000000	-6.8068711426939
2.7400000000000	-6.7945960847363
2.7410000000000	-6.7822990723661
2.7420000000000	-6.7699793392067
2.7430000000000	-6.7576361353180
2.7440000000000	-6.7452687272015
2.7450000000000	-6.7328763978100
2.7460000000000	-6.7204584465616
2.7470000000000	-6.7080141893573
2.7480000000000	-6.6955429586039
2.7490000000000	-6.6830441032403
2.7500000000000	-6.6705169887682
2.7510000000000	-6.6579609972872
2.7520000000000	-6.6453755275342
2.7530000000000	-6.6327599949269
2.7540000000000	-6.6201138316118
2.7550000000000	-6.6074364865164
2.7560000000000	-6.5947274254058
2.7570000000000	-6.5819861309433
2.7580000000000	-6.5692121027559
2.7590000000000	-6.5564048575034
2.7600000000000	-6.5435639289527
2.7610000000000	-6.5306888680555
2.7620000000000	-6.5177792430314
2.7630000000000	-6.5048346394541
2.7640000000000	-6.4918546603432
2.7650000000000	-6.4788389262593
2.7660000000000	-6.4657870754044
2.7670000000000	-6.4526987637256
2.7680000000000	-6.4395736650242
2.7690000000000	-6.4264114710681
2.7700000000000	-6.4132118917096
2.7710000000000	-6.3999746550066
2.7720000000000	-6.3866995073484
2.7730000000000	-6.3733862135863
2.7740000000000	-6.3600345571677
2.7750000000000	-6.3466443402750
2.7760000000000	-6.3332153839685
2.7770000000000	-6.3197475283339
2.7780000000000	-6.3062406326334
2.7790000000000	-6.2926945754618
2.7800000000000	-6.2791092549063
2.7810000000000	-6.2654845887105
2.7820000000000	-6.2518205144427
2.7830000000000	-6.2381169896683
2.7840000000000	-6.2243739921265
2.7850000000000	-6.2105915199106
2.7860000000000	-6.1967695916528
2.7870000000000	-6.1829082467133
2.7880000000000	-6.1690075453726
2.7890000000000	-6.1550675690285
2.7900000000000	-6.1410884203967
2.7910000000000	-6.1270702237160
2.7920000000000	-6.1130131249564
2.7930000000000	-6.0989172920319
2.7940000000000	-6.0847829150169
2.7950000000000	-6.0706102063667
2.7960000000000	-6.0563994011412
2.7970000000000	-6.0421507572334
2.7980000000000	-6.0278645556004
2.7990000000000	-6.0135411004998
2.8000000000000	-5.9991807197282
2.8010000000000	-5.9847837648643
2.8020000000000	-5.9703506115159
2.8030000000000	-5.9558816595698
2.8040000000000	-5.9413773334462
2.8050000000000	-5.9268380823561
2.8060000000000	-5.9122643805625
2.8070000000000	-5.8976567276457
2.8080000000000	-5.8830156487717
2.8090000000000	-5.8683416949640
2.8100000000000	-5.8536354433799
2.8110000000000	-5.8388974975897
2.8120000000000	-5.8241284878593
2.8130000000000	-5.8093290714375
2.8140000000000	-5.7944999328456
2.8150000000000	-5.7796417841715
2.8160000000000	-5.7647553653672
2.8170000000000	-5.7498414445499
2.8180000000000	-5.7349008183069
2.8190000000000	-5.7199343120041
2.8200000000000	-5.7049427800982
2.8210000000000	-5.6899271064533
2.8220000000000	-5.6748882046599
2.8230000000000	-5.6598270183598
2.8240000000000	-5.6447445215726
2.8250000000000	-5.6296417190284
2.8260000000000	-5.6145196465031
2.8270000000000	-5.5993793711580
2.8280000000000	-5.5842219918843
2.8290000000000	-5.5690486396509
2.8300000000000	-5.5538604778573
2.8310000000000	-5.5386587026907
2.8320000000000	-5.5234445434873
2.8330000000000	-5.5082192630992
2.8340000000000	-5.4929841582643
2.8350000000000	-5.4777405599837
2.8360000000000	-5.4624898339011
2.8370000000000	-5.4472333806902
2.8380000000000	-5.4319726364451
2.8390000000000	-5.4167090730779
2.8400000000000	-5.4014441987203
2.8410000000000	-5.3861795581328
2.8420000000000	-5.3709167331182
2.8430000000000	-5.3556573429421
2.8440000000000	-5.3404030447597
2.8450000000000	-5.3251555340489
2.8460000000000	-5.3099165450503
2.8470000000000	-5.2946878512142
2.8480000000000	-5.2794712656549
2.8490000000000	-5.2642686416119
2.8500000000000	-5.2490818729195
2.8510000000000	-5.2339128944842
2.8520000000000	-5.2187636827698
2.8530000000000	-5.2036362562916
2.8540000000000	-5.1885326761193
2.8550000000000	-5.1734550463882
2.8560000000000	-5.1584055148213
2.8570000000000	-5.1433862732593
2.8580000000000	-5.1283995582020
2.8590000000000	-5.1134476513593
2.8600000000000	-5.0985328802131
2.8610000000000	-5.0836576185901
2.8620000000000	-5.0688242872461
2.8630000000000	-5.0540353544620
2.8640000000000	-5.0392933366513
2.8650000000000	-5.0246007989813
2.8660000000000	-5.0099603560058
2.8670000000000	-4.9953746723117
2.8680000000000	-4.9808464631794
2.8690000000000	-4.9663784952563
2.8700000000000	-4.9519735872456
2.8710000000000	-4.9376346106092
2.8720000000000	-4.9233644902864
2.8730000000000	-4.9091662054277
2.8740000000000	-4.8950427901446
2.8750000000000	-4.8809973342759
2.8760000000000	-4.8670329841707
2.8770000000000	-4.8531529434886
2.8780000000000	-4.8393604740177
2.8790000000000	-4.8256588965096
2.8800000000000	-4.8120515915338
2.8810000000000	-4.7985420003499
2.8820000000000	-4.7851336257994
2.8830000000000	-4.7718300332160
2.8840000000000	-4.7586348513568
2.8850000000000	-4.7455517733518
2.8860000000000	-4.7325845576748
2.8870000000000	-4.7197370291339
2.8880000000000	-4.7070130798838
2.8890000000000	-4.6944166704567
2.8900000000000	-4.6819518308168
2.8910000000000	-4.6696226614335
2.8920000000000	-4.6574333343770
2.8930000000000	-4.6453880944342
2.8940000000000	-4.6334912602463
2.8950000000000	-4.6217472254664
2.8960000000000	-4.6101604599381
2.8970000000000	-4.5987355108948
2.8980000000000	-4.5874770041780
2.8990000000000	-4.5763896454764
2.9000000000000	-4.5654782215827
2.9010000000000	-4.5547476016696
2.9020000000000	-4.5442027385828
2.9030000000000	-4.5338486701508
2.9040000000000	-4.5236905205098
2.9050000000000	-4.5137335014437
2.9060000000000	-4.5039829137361
2.9070000000000	-4.4944441485343
2.9080000000000	-4.4851226887223
2.9090000000000	-4.4760241103019
2.9100000000000	-4.4671540837788
2.9110000000000	-4.4585183755520
2.9120000000000	-4.4501228493033
2.9130000000000	-4.4419734673834
2.9140000000000	-4.4340762921931
2.9150000000000	-4.4264374875537
2.9160000000000	-4.4190633200638
2.9170000000000	-4.4119601604386
2.9180000000000	-4.4051344848256
2.9190000000000	-4.3985928760923
2.9200000000000	-4.3923420250796
2.9210000000000	-4.3863887318159
2.9220000000000	-4.3807399066832
2.9230000000000	-4.3754025715300
2.9240000000000	-4.3703838607206
2.9250000000000	-4.3656910221144
2.9260000000000	-4.3613314179648
2.9270000000000	-4.3573125257273
2.9280000000000	-4.3536419387661
2.9290000000000	-4.3503273669480
2.9300000000000	-4.3473766371103
2.9310000000000	-4.3447976933885
2.9320000000000	-4.3425985973904
2.9330000000000	-4.3407875281996
2.9340000000000	-4.3393727821922
2.9350000000000	-4.3383627726474
2.9360000000000	-4.3377660291341
2.9370000000000	-4.3375911966506
2.9380000000000	-4.3378470344970
2.9390000000000	-4.3385424148545
2.9400000000000	-4.3396863210477
2.9410000000000	-4.3412878454611
2.9420000000000	-4.3433561870817
2.9430000000000	-4.3459006486373
2.9440000000000	-4.3489306332951
2.9450000000000	-4.3524556408890
2.9460000000000	-4.3564852636357
2.9470000000000	-4.3610291813012
2.9480000000000	-4.3660971557764
2.9490000000000	-4.3716990250170
2.9500000000000	-4.3778446963011
2.9510000000000	-4.3845441387552
2.9520000000000	-4.3918073750973
2.9530000000000	-4.3996444725412
2.9540000000000	-4.4080655328064
2.9550000000000	-4.4170806811708
2.9560000000000	-4.4267000545060
2.9570000000000	-4.4369337882259
2.9580000000000	-4.4477920020832
2.9590000000000	-4.4592847847385
2.9600000000000	-4.4714221770305
2.9610000000000	-4.4842141538669
2.9620000000000	-4.4976706046591
2.9630000000000	-4.5118013122152
2.9640000000000	-4.5266159300083
2.9650000000000	-4.5421239577328
2.9660000000000	-4.5583347150592
2.9670000000000	-4.5752573134978
2.9680000000000	-4.5929006262801
2.9690000000000	-4.6112732561655
2.9700000000000	-4.6303835010818
2.9710000000000	-4.6502393175083
2.9720000000000	-4.6708482815116
2.9730000000000	-4.6922175473470
2.9740000000000	-4.7143538035407
2.9750000000000	-4.7372632263741
2.9760000000000	-4.7609514306951
2.9770000000000	-4.7854234179900
2.9780000000000	-4.8106835216584
2.9790000000000	-4.8367353494422
2.9800000000000	-4.8635817229744
2.9810000000000	-4.8912246144264
2.9820000000000	-4.9196650802505
2.9830000000000	-4.9489031920331
2.9840000000000	-4.9789379644963
2.9850000000000	-5.0097672807121
2.9860000000000	-5.0413878146196
2.9870000000000	-5.0737949509707
2.9880000000000	-5.1069827028624
2.9890000000000	-5.1409436270548
2.9900000000000	-5.1756687373184
2.9910000000000	-5.2111474160988
2.9920000000000	-5.2473673248425
2.9930000000000	-5.2843143133811
2.9940000000000	-5.3219723288333
2.9950000000000	-5.3603233245479
2.9960000000000	-5.3993471696794
2.9970000000000	-5.4390215600638
2.9980000000000	-5.4793219311313
2.9990000000000	-5.5202213736796
3.0000000000000	-5.5616905534041
